0 0.304141 0.563403 0.034516 0.052778
0 0.203496 0.556410 0.028992 0.052764
0 0.225586 0.549049 0.026234 0.052764
0 0.231457 0.614090 0.040727 0.069958
0 0.171051 0.677896 0.020711 0.038042
0 0.278395 0.659500 0.028305 0.047861
0 0.328441 0.623292 0.017945 0.034361
0 0.348117 0.681583 0.026922 0.038056
0 0.301176 0.694472 0.022773 0.039278
0 0.232492 0.730667 0.042797 0.074861
0 0.228695 0.674222 0.031062 0.040500
0 0.211438 0.698153 0.029687 0.049083
0 0.537258 0.661333 0.020016 0.036806
0 0.339484 0.382146 0.019328 0.030681
0 0.346738 0.426937 0.021398 0.031903
0 0.284957 0.279674 0.009664 0.019625
0 0.332875 0.820264 0.130219 0.217361
0 0.583527 0.336146 0.026367 0.045458
