0 0.936863 0.695181 0.126273 0.209111
0 0.107625 0.361785 0.025406 0.041764
0 0.124215 0.315514 0.025414 0.045167
0 0.153035 0.215493 0.048320 0.087125
0 0.130602 0.142472 0.028297 0.054000
0 0.176508 0.109951 0.033141 0.052764
0 0.160285 0.126521 0.022773 0.036819
0 0.478652 0.348889 0.053148 0.095722
0 0.506953 0.299188 0.014500 0.030681
0 0.408574 0.050021 0.021305 0.041431
0 0.391434 0.118375 0.022305 0.046750
0 0.442199 0.016729 0.021305 0.033458
0 0.725781 0.118813 0.144141 0.237625
0 0.811746 0.708826 0.033367 0.054208
0 0.752496 0.732861 0.036820 0.065444
0 0.816637 0.813653 0.017836 0.032722
0 0.834184 0.824896 0.023008 0.040903
0 0.831395 0.562049 0.083664 0.142847
0 0.187207 0.692021 0.029242 0.046014
0 0.047352 0.954431 0.053844 0.091139
0 0.204461 0.956229 0.057984 0.085903
0 0.858316 0.125764 0.074555 0.129000
