0 0.069727 0.048382 0.068453 0.096764
0 0.197840 0.305201 0.035898 0.046625
0 0.151242 0.341403 0.035203 0.055222
0 0.177129 0.407056 0.063508 0.122722
0 0.145719 0.502167 0.024156 0.045417
0 0.121902 0.548188 0.022086 0.041736
0 0.141824 0.078493 0.048742 0.073153
0 0.216820 0.454306 0.021406 0.035583
0 0.499094 0.566368 0.052922 0.084875
0 0.416262 0.334222 0.024164 0.048056
0 0.432945 0.267236 0.025312 0.051139
0 0.468320 0.225306 0.022437 0.042944
0 0.854344 0.818590 0.096922 0.148736
0 0.760504 0.307431 0.170977 0.288056
0 0.201980 0.887382 0.026227 0.042958
