0 0.906035 0.263785 0.102367 0.210486
0 0.732355 0.395181 0.093539 0.164528
0 0.831492 0.274097 0.088219 0.108500
0 0.740641 0.301958 0.145094 0.165222
0 0.781141 0.501951 0.080172 0.137097
0 0.423750 0.931917 0.025641 0.024778
0 0.492793 0.617542 0.046555 0.089083
0 0.524020 0.569826 0.020070 0.034819
0 0.468523 0.278924 0.022656 0.041931
0 0.425410 0.269264 0.020117 0.035750
0 0.429340 0.317986 0.021961 0.051833
0 0.415242 0.384340 0.021500 0.047264
0 0.201375 0.947028 0.030516 0.045611
0 0.123512 0.607764 0.024086 0.031389
0 0.140531 0.562813 0.025687 0.049375
0 0.216359 0.508986 0.017922 0.028306
0 0.172152 0.465597 0.053930 0.075750
0 0.150504 0.395174 0.024617 0.044986
0 0.182969 0.374458 0.026969 0.039056
0 0.198285 0.361736 0.032961 0.052667
0 0.066102 0.093104 0.061859 0.087292
0 0.137258 0.134035 0.044391 0.079403
0 0.170687 0.037611 0.026906 0.046361
