0 0.900652 0.341104 0.018461 0.035958
0 0.944578 0.710264 0.016313 0.042028
0 0.107492 0.200167 0.084609 0.120833
0 0.215234 0.328701 0.030828 0.046931
0 0.275145 0.394153 0.030633 0.044472
0 0.271469 0.453097 0.017531 0.028083
0 0.237469 0.408743 0.021188 0.028431
0 0.243148 0.368160 0.018688 0.034931
0 0.110008 0.673347 0.062188 0.062472
0 0.180313 0.690049 0.026625 0.043903
0 0.201355 0.932938 0.016617 0.040236
0 0.386195 0.552042 0.077062 0.116444
0 0.518199 0.809333 0.032289 0.062139
0 0.555320 0.824424 0.036625 0.056819
0 0.815668 0.039972 0.032602 0.043556
0 0.873695 0.089500 0.022891 0.038222
0 0.874355 0.603840 0.042445 0.066097
