0 0.506484 0.431306 0.046922 0.084278
0 0.537055 0.390632 0.019344 0.030097
0 0.443477 0.130528 0.021766 0.042278
0 0.429770 0.195389 0.024992 0.047306
0 0.440656 0.081444 0.016125 0.031528
0 0.483184 0.093625 0.017336 0.035833
0 0.210605 0.164500 0.030570 0.054333
0 0.194652 0.174056 0.018133 0.035222
0 0.161230 0.193167 0.024523 0.051944
0 0.177020 0.190472 0.013773 0.023889
0 0.180879 0.255868 0.053742 0.098542
0 0.224883 0.311111 0.015453 0.027472
0 0.148922 0.364083 0.024641 0.042306
0 0.131566 0.416590 0.025758 0.039819
0 0.132824 0.443958 0.025477 0.041806
0 0.767937 0.174965 0.161953 0.265208
0 0.885773 0.132660 0.027281 0.038181
0 0.778738 0.849757 0.039289 0.063903
0 0.830145 0.830437 0.040117 0.057958
0 0.866508 0.701153 0.082750 0.120361
0 0.204184 0.753556 0.024914 0.041806
