0 0.197316 0.257868 0.024305 0.039653
0 0.122227 0.317875 0.024453 0.048639
0 0.105449 0.361715 0.028336 0.030819
0 0.106098 0.452681 0.014836 0.033556
0 0.100617 0.529271 0.015734 0.027403
0 0.110332 0.593063 0.016539 0.029958
0 0.188266 0.691229 0.030250 0.045208
0 0.055566 0.956292 0.088539 0.086583
0 0.203754 0.949368 0.050633 0.087542
0 0.411816 0.669979 0.025523 0.036014
0 0.477777 0.343840 0.047586 0.093847
0 0.506102 0.298458 0.016375 0.031861
0 0.406867 0.055181 0.022422 0.061639
0 0.393000 0.118271 0.022891 0.048903
0 0.444656 0.016701 0.021750 0.033403
0 0.762785 0.154771 0.095211 0.158014
0 0.716676 0.096479 0.094211 0.184653
0 0.866313 0.117486 0.059922 0.108306
0 0.787937 0.450951 0.050766 0.076931
0 0.807855 0.708722 0.035289 0.065111
0 0.757258 0.734472 0.037281 0.083444
0 0.811395 0.810993 0.018492 0.034597
0 0.838461 0.821785 0.019078 0.036986
0 0.804211 0.526764 0.053172 0.084250
0 0.177242 0.107604 0.034953 0.056819
0 0.162094 0.125062 0.023969 0.039653
0 0.129473 0.144299 0.022633 0.053264
0 0.153277 0.200542 0.056930 0.099389
