0 0.130586 0.067035 0.039906 0.068792
0 0.104387 0.170951 0.027008 0.045875
0 0.218707 0.423625 0.027883 0.059111
0 0.266066 0.356444 0.013773 0.021500
0 0.222602 0.538167 0.026203 0.037611
0 0.216168 0.674535 0.024992 0.045153
0 0.584055 0.573097 0.036953 0.064500
0 0.567863 0.539299 0.014445 0.018514
0 0.520832 0.501375 0.023852 0.039417
0 0.915273 0.440229 0.018141 0.035236
0 0.858957 0.226562 0.016836 0.031986
0 0.900172 0.281778 0.045859 0.082556
0 0.958508 0.335431 0.018578 0.035083
0 0.952703 0.259069 0.018578 0.026833
0 0.516449 0.120819 0.026320 0.035333
0 0.496992 0.034979 0.030516 0.047764
