0 0.195156 0.059812 0.020250 0.051292
0 0.103328 0.073472 0.063250 0.088278
0 0.156168 0.159472 0.024242 0.040528
0 0.097480 0.305986 0.132492 0.116000
0 0.111051 0.234965 0.068586 0.081514
0 0.179012 0.382500 0.142039 0.182972
0 0.041973 0.592465 0.055023 0.106458
0 0.115500 0.704826 0.036219 0.071236
0 0.148250 0.701222 0.015031 0.033222
0 0.097094 0.861917 0.040813 0.037583
0 0.185820 0.856042 0.022797 0.036528
0 0.295410 0.030014 0.023414 0.045667
0 0.438590 0.700306 0.087383 0.144500
0 0.476527 0.755660 0.029539 0.054792
0 0.482289 0.887403 0.019266 0.035111
0 0.540246 0.964549 0.032914 0.035097
0 0.741379 0.406243 0.084555 0.118375
0 0.781660 0.438500 0.047273 0.110667
0 0.780242 0.498507 0.029859 0.058236
0 0.882223 0.616674 0.027977 0.051792
0 0.867312 0.530576 0.028203 0.065347
0 0.805082 0.813181 0.075508 0.151278
