0 0.131395 0.034257 0.042383 0.068514
0 0.104867 0.139333 0.031781 0.053778
0 0.094309 0.249000 0.019461 0.041778
0 0.221336 0.390681 0.029031 0.057556
0 0.267090 0.321111 0.021273 0.032583
0 0.220723 0.500139 0.033711 0.043667
0 0.174164 0.621319 0.014609 0.033111
0 0.214461 0.644437 0.034516 0.046236
0 0.236512 0.929514 0.017805 0.035750
0 0.581477 0.544972 0.032750 0.078778
0 0.570258 0.508993 0.020406 0.023792
0 0.520367 0.462215 0.024531 0.032903
0 0.517445 0.086167 0.028437 0.040278
0 0.559055 0.100347 0.016875 0.023417
0 0.493375 0.143778 0.008547 0.018833
0 0.861828 0.181618 0.030500 0.038819
0 0.904695 0.235271 0.061969 0.084486
0 0.965422 0.304014 0.022875 0.042806
0 0.917719 0.408514 0.021031 0.037389
0 0.837121 0.474201 0.020758 0.036319
0 0.860074 0.559056 0.019789 0.030389
0 0.875824 0.793014 0.022367 0.032194
0 0.916516 0.894076 0.017844 0.029347
