0 0.177375 0.106743 0.034781 0.046625
0 0.161895 0.123493 0.022617 0.036625
0 0.130090 0.144146 0.025977 0.051542
0 0.154453 0.202243 0.051469 0.100042
0 0.121855 0.315806 0.022742 0.046139
0 0.105676 0.364139 0.027023 0.039000
0 0.108691 0.452257 0.023414 0.034958
0 0.109062 0.596597 0.016562 0.032361
0 0.052875 0.952944 0.066625 0.093111
0 0.082742 0.969604 0.017688 0.035042
0 0.202434 0.947194 0.031727 0.062194
0 0.188023 0.693333 0.028594 0.044028
0 0.197203 0.258035 0.019125 0.031597
0 0.406988 0.052319 0.019711 0.058556
0 0.395070 0.119292 0.025500 0.050167
0 0.444508 0.015562 0.018297 0.031125
0 0.476203 0.342674 0.044391 0.087847
0 0.505930 0.297319 0.018953 0.036861
0 0.411016 0.669757 0.021938 0.038403
0 0.811254 0.811681 0.018273 0.036972
0 0.838215 0.825333 0.017883 0.031806
0 0.808285 0.708618 0.035461 0.056403
0 0.755328 0.734743 0.040125 0.075486
0 0.805684 0.526708 0.048602 0.080361
0 0.788734 0.453604 0.050219 0.063069
0 0.759645 0.166667 0.074414 0.159667
0 0.717582 0.109382 0.107164 0.191097
