0 0.176305 0.058792 0.020297 0.034417
0 0.139699 0.255778 0.033633 0.047694
0 0.052316 0.269153 0.025461 0.055639
0 0.095148 0.224167 0.056703 0.087556
0 0.089723 0.286924 0.028617 0.052319
0 0.032469 0.346681 0.041797 0.064806
0 0.042109 0.380521 0.026078 0.044931
0 0.118121 0.439646 0.097008 0.123042
0 0.195625 0.857306 0.016125 0.029861
0 0.053465 0.756958 0.023164 0.036861
0 0.484586 0.155792 0.023094 0.058472
0 0.498117 0.083215 0.029625 0.049347
0 0.465457 0.093174 0.017961 0.031097
0 0.439445 0.097111 0.028000 0.047278
0 0.380426 0.116194 0.041992 0.053083
0 0.434230 0.187875 0.021867 0.029083
0 0.452375 0.186139 0.028031 0.044639
0 0.804352 0.932021 0.055766 0.068681
0 0.808551 0.893201 0.045352 0.077042
0 0.808551 0.757035 0.046695 0.092569
0 0.855172 0.637278 0.032266 0.052083
0 0.843645 0.537771 0.018086 0.034569
0 0.832715 0.443306 0.032070 0.073278
0 0.815707 0.468049 0.018664 0.034986
0 0.782508 0.033667 0.042641 0.067333
0 0.792527 0.187194 0.106148 0.202444
