0 0.505750 0.430389 0.052734 0.088056
0 0.210137 0.161410 0.031961 0.051486
0 0.165160 0.194486 0.025961 0.043194
0 0.185301 0.253965 0.054930 0.092319
0 0.149527 0.361785 0.020133 0.034931
0 0.129633 0.406958 0.023484 0.040056
0 0.226293 0.315583 0.018727 0.028361
0 0.430129 0.198201 0.020805 0.045375
0 0.442891 0.131368 0.022469 0.053764
0 0.440531 0.079340 0.015531 0.030569
0 0.484363 0.095368 0.022195 0.042903
0 0.814566 0.321646 0.138633 0.224986
0 0.865914 0.705153 0.100203 0.165417
0 0.811438 0.575486 0.044203 0.065889
0 0.934664 0.088764 0.106047 0.176083
1 0.889363 0.577236 0.110164 0.219056
1 0.080465 0.770611 0.131211 0.179306
1 0.093934 0.161326 0.159117 0.264597
1 0.513809 0.657000 0.140742 0.223444
0 0.776309 0.176833 0.151867 0.258944
0 0.776398 0.856861 0.039547 0.078833
0 0.830449 0.833778 0.035148 0.057528
0 0.833246 0.934625 0.022367 0.037639
0 0.202422 0.751326 0.026766 0.041903
