0 0.301047 0.410563 0.019641 0.035514
0 0.322523 0.407306 0.015984 0.025444
0 0.765441 0.575681 0.035227 0.064611
0 0.808164 0.613660 0.026906 0.057708
0 0.718074 0.543660 0.029164 0.061792
0 0.976398 0.442722 0.047203 0.111472
0 0.571832 0.693160 0.046945 0.081681
0 0.523262 0.613799 0.027633 0.045569
0 0.427719 0.577986 0.016984 0.030778
0 0.148750 0.711806 0.032625 0.059778
0 0.204566 0.947319 0.037961 0.061361
0 0.169187 0.928396 0.021281 0.039875
0 0.495164 0.772771 0.102672 0.176847
0 0.779262 0.413757 0.120836 0.189986
0 0.034094 0.176681 0.059922 0.103972
0 0.071723 0.206507 0.023008 0.040903
0 0.153367 0.354187 0.047938 0.077403
0 0.023156 0.257729 0.046312 0.080792
0 0.060984 0.253333 0.037969 0.083861
0 0.027328 0.331056 0.054656 0.104306
0 0.131504 0.830875 0.022977 0.040833
0 0.932090 0.449882 0.067883 0.113514
0 0.688395 0.273576 0.129430 0.192597
0 0.548078 0.971500 0.041703 0.057000
0 0.737289 0.826035 0.096281 0.192458
0 0.801805 0.890660 0.071109 0.142736
0 0.810395 0.790174 0.037945 0.069597
0 0.200145 0.173236 0.041945 0.065694
0 0.313703 0.369431 0.024969 0.049111
1 0.060926 0.462250 0.119539 0.179111
1 0.476305 0.246632 0.105266 0.221069
1 0.863863 0.753493 0.168508 0.250958
1 0.842336 0.152125 0.127750 0.237639
