0 0.824191 0.895903 0.019055 0.036806
0 0.843660 0.898111 0.026508 0.047111
0 0.763789 0.166063 0.184891 0.295125
0 0.841816 0.055611 0.052680 0.102500
0 0.150621 0.169222 0.033820 0.067500
0 0.199633 0.143451 0.035203 0.065042
0 0.170297 0.174139 0.019328 0.033139
0 0.201461 0.729764 0.030484 0.051194
0 0.771590 0.820062 0.041414 0.070681
1 0.085488 0.143486 0.158305 0.271278
1 0.078398 0.748653 0.114922 0.171667
1 0.509316 0.622569 0.139945 0.224139
1 0.882672 0.532118 0.107219 0.222819
0 0.823363 0.795021 0.033961 0.058903
0 0.139918 0.343493 0.024852 0.050319
0 0.123355 0.388278 0.020711 0.034361
0 0.528883 0.357951 0.014781 0.031958
0 0.498563 0.402333 0.047141 0.087361
0 0.170637 0.250833 0.047633 0.088361
