0 0.833020 0.819264 0.015820 0.026417
0 0.475340 0.343125 0.046945 0.081000
0 0.506957 0.298201 0.017258 0.031903
0 0.738687 0.153521 0.188453 0.305569
0 0.808477 0.707368 0.030203 0.054542
0 0.755125 0.736597 0.034516 0.063917
0 0.817922 0.812438 0.013422 0.028125
0 0.938121 0.674743 0.123758 0.259569
0 0.144973 0.218868 0.045445 0.074653
0 0.135883 0.147792 0.037969 0.066472
0 0.168672 0.113021 0.046016 0.074653
0 0.121051 0.317896 0.026367 0.044319
0 0.106719 0.357181 0.022047 0.040056
0 0.192195 0.689882 0.032203 0.046653
0 0.047266 0.944611 0.076344 0.110778
0 0.195176 0.954958 0.047711 0.076333
0 0.393164 0.113410 0.022969 0.043792
0 0.408477 0.048604 0.024969 0.043208
1 0.069895 0.123312 0.139789 0.246625
1 0.066637 0.718097 0.117508 0.169722
1 0.492793 0.569986 0.137086 0.213250
1 0.858969 0.435799 0.110562 0.230653
