1 0.945180 0.424278 0.109641 0.222833
1 0.170711 0.876500 0.139063 0.226667
1 0.143332 0.211986 0.135133 0.236056
0 0.542145 0.385278 0.042570 0.063361
0 0.547965 0.469799 0.056258 0.062736
0 0.814238 0.040528 0.038008 0.070028
0 0.911906 0.592535 0.020203 0.039014
0 0.936109 0.849951 0.023813 0.041514
0 0.875172 0.469618 0.018953 0.035764
0 0.857258 0.546889 0.024734 0.031639
0 0.227512 0.107257 0.049273 0.075153
0 0.312668 0.844076 0.029961 0.053264
0 0.254910 0.785778 0.031289 0.046750
0 0.150621 0.667354 0.085602 0.126403
0 0.151613 0.047264 0.062586 0.094528
0 0.235984 0.024479 0.042984 0.048958
1 0.563070 0.616889 0.166938 0.234528
