0 0.826805 0.941333 0.021641 0.040444
1 0.085031 0.764674 0.120016 0.157764
1 0.099562 0.160028 0.157656 0.268944
1 0.890418 0.584028 0.115617 0.228111
1 0.512762 0.653174 0.147461 0.239181
0 0.214719 0.160743 0.035062 0.047264
0 0.197570 0.174271 0.025047 0.038014
0 0.167031 0.192181 0.026250 0.051306
0 0.188129 0.255778 0.053555 0.099667
0 0.151832 0.364181 0.023117 0.046917
0 0.133324 0.405486 0.024242 0.036361
0 0.206449 0.750069 0.033227 0.045944
0 0.506852 0.433569 0.055875 0.097944
0 0.538312 0.387556 0.017391 0.033111
0 0.486484 0.093653 0.023281 0.044528
0 0.445141 0.081097 0.017984 0.030250
0 0.444902 0.135181 0.027445 0.062500
0 0.771074 0.120215 0.119180 0.157431
0 0.747270 0.216389 0.124836 0.150917
0 0.798270 0.299653 0.100539 0.152694
0 0.906660 0.241729 0.083461 0.106042
0 0.846379 0.100264 0.069352 0.095556
0 0.832492 0.656125 0.049656 0.076444
0 0.817094 0.579431 0.055484 0.060167
0 0.982566 0.823403 0.033570 0.126528
0 0.826805 0.832583 0.037172 0.068556
0 0.774375 0.858229 0.042719 0.079403
0 0.928121 0.088708 0.124633 0.177417
