0 0.809297 0.708937 0.034484 0.059597
0 0.807043 0.525556 0.051789 0.092056
0 0.758820 0.737014 0.046047 0.067806
0 0.788086 0.452194 0.052250 0.066167
0 0.757660 0.162826 0.088883 0.175764
1 0.857945 0.440153 0.112609 0.214694
1 0.488781 0.566417 0.140078 0.223028
1 0.071656 0.716722 0.123531 0.176306
1 0.069121 0.123965 0.138242 0.247931
0 0.403516 0.009507 0.014563 0.019014
0 0.444668 0.015278 0.017805 0.030556
0 0.406867 0.051896 0.025891 0.051792
0 0.394457 0.117826 0.028320 0.049319
0 0.130910 0.144681 0.029477 0.043833
0 0.163566 0.123278 0.025820 0.037333
0 0.177055 0.107354 0.036219 0.041097
0 0.154207 0.215201 0.052789 0.071236
0 0.109012 0.451924 0.021805 0.035903
0 0.122301 0.316306 0.028898 0.053083
0 0.105539 0.358944 0.029672 0.048639
0 0.054035 0.960000 0.072570 0.080000
0 0.188430 0.692660 0.035141 0.051375
0 0.203863 0.952917 0.062695 0.075944
0 0.412230 0.668451 0.023117 0.031236
0 0.506672 0.295278 0.021500 0.036583
0 0.477652 0.339069 0.050336 0.101417
0 0.718555 0.099764 0.082687 0.162000
0 0.721551 0.044569 0.121445 0.089139
0 0.939187 0.662431 0.086547 0.163250
0 0.839348 0.824694 0.024461 0.037667
0 0.814688 0.811681 0.024469 0.039056
