0 0.535949 0.662875 0.014930 0.024472
1 0.582465 0.832701 0.165680 0.294542
1 0.652594 0.246194 0.177781 0.309000
1 0.243988 0.400285 0.131133 0.184236
0 0.207055 0.557292 0.037250 0.076528
0 0.223117 0.562014 0.024672 0.043861
0 0.231336 0.616625 0.036281 0.067083
0 0.166758 0.683701 0.025156 0.034403
0 0.212953 0.681986 0.022734 0.046444
0 0.231098 0.671236 0.020320 0.040417
0 0.246336 0.660056 0.025641 0.049028
0 0.301480 0.565028 0.032414 0.056750
0 0.296883 0.492792 0.032891 0.055028
0 0.278984 0.658764 0.030953 0.049889
0 0.300754 0.690583 0.025148 0.034389
0 0.328324 0.623938 0.017414 0.030097
0 0.213680 0.681083 0.000969 0.043083
0 0.238836 0.724118 0.044500 0.072236
0 0.348078 0.684028 0.022641 0.043333
0 0.328051 0.814569 0.125383 0.217750
0 0.350309 0.055431 0.029117 0.047778
0 0.885410 0.910042 0.021836 0.048361
