0 0.519586 0.461688 0.021766 0.033681
0 0.570578 0.506833 0.020563 0.032250
0 0.586742 0.541806 0.039094 0.064500
0 0.107551 0.138340 0.028273 0.044792
0 0.220668 0.385979 0.025758 0.052264
0 0.094984 0.246451 0.018859 0.031792
1 0.934297 0.112160 0.131406 0.224319
1 0.939922 0.659861 0.120156 0.174222
1 0.562352 0.822500 0.120812 0.229222
1 0.511711 0.287181 0.143828 0.206056
0 0.966941 0.308181 0.029898 0.056139
0 0.956527 0.218611 0.020492 0.038222
0 0.860770 0.184819 0.031070 0.041806
0 0.881738 0.783813 0.030789 0.056236
0 0.933434 0.977910 0.032070 0.044181
1 0.149867 0.416076 0.133672 0.221097
0 0.919406 0.265785 0.030234 0.058514
0 0.900930 0.223986 0.034266 0.069278
