0 0.225949 0.314306 0.023352 0.038222
1 0.515707 0.657813 0.140617 0.237097
1 0.081777 0.770340 0.113555 0.180403
1 0.094582 0.157410 0.155602 0.274042
1 0.889332 0.581701 0.116070 0.233069
0 0.843445 0.095535 0.069906 0.098236
0 0.759719 0.145250 0.125500 0.218972
0 0.804164 0.292021 0.103859 0.150319
0 0.818949 0.575660 0.055258 0.069042
0 0.832125 0.657236 0.049703 0.082611
0 0.851941 0.951875 0.015492 0.036583
0 0.829863 0.937083 0.029133 0.050556
0 0.828488 0.829938 0.032758 0.068181
0 0.774961 0.860479 0.040750 0.086653
0 0.483930 0.090444 0.026828 0.046028
0 0.441848 0.078729 0.014789 0.033292
0 0.429598 0.194014 0.025430 0.060000
0 0.444391 0.130722 0.016641 0.058361
0 0.535809 0.387917 0.017336 0.033556
0 0.505176 0.431069 0.049711 0.089056
0 0.428879 0.750958 0.021633 0.031556
0 0.176375 0.871535 0.022797 0.035681
0 0.204180 0.752701 0.030250 0.049653
0 0.128055 0.643007 0.019266 0.033958
0 0.130949 0.410771 0.023414 0.028903
0 0.148332 0.365090 0.023680 0.046847
0 0.162719 0.194097 0.030281 0.047667
0 0.193930 0.176424 0.024734 0.038625
0 0.184914 0.267667 0.055719 0.066583
0 0.210113 0.160438 0.031211 0.047681
