0 0.832168 0.936799 0.014930 0.030681
0 0.854684 0.952764 0.013758 0.028611
0 0.849293 0.088285 0.054023 0.091569
0 0.762539 0.168000 0.110734 0.188306
0 0.817277 0.576806 0.037727 0.062944
1 0.885773 0.578562 0.112750 0.228375
1 0.078637 0.764333 0.117898 0.170083
1 0.101109 0.165139 0.156078 0.263722
1 0.513004 0.657722 0.135305 0.222500
0 0.203117 0.748382 0.032922 0.050764
0 0.129742 0.405431 0.022172 0.042278
0 0.147680 0.363153 0.024187 0.058056
0 0.179523 0.272500 0.044344 0.078833
0 0.222656 0.315139 0.012094 0.025083
0 0.162992 0.191521 0.024188 0.054458
0 0.210156 0.161424 0.033859 0.048736
0 0.187785 0.175750 0.027008 0.050167
0 0.502762 0.430375 0.044336 0.080028
0 0.827387 0.831833 0.028695 0.054333
0 0.775020 0.856340 0.039195 0.068847
