0 0.495297 0.354458 0.018641 0.049722
0 0.485473 0.064194 0.019414 0.039944
0 0.893801 0.283021 0.092930 0.159792
0 0.948605 0.828146 0.023602 0.061653
0 0.833297 0.486479 0.021000 0.043153
1 0.230125 0.934569 0.144484 0.130861
1 0.215215 0.374972 0.181492 0.197917
1 0.610219 0.794826 0.141344 0.214042
1 0.965035 0.626528 0.069930 0.135306
1 0.956941 0.112417 0.086117 0.224833
0 0.227223 0.513264 0.039648 0.082472
0 0.334090 0.415722 0.016055 0.027833
0 0.320242 0.435465 0.017531 0.033069
0 0.356566 0.442125 0.014445 0.031167
0 0.451023 0.287285 0.025297 0.040847
0 0.543734 0.258875 0.035625 0.071611
0 0.381422 0.830694 0.037891 0.041944
