0 0.341238 0.213875 0.011820 0.026167
0 0.326125 0.124125 0.015187 0.026167
0 0.448984 0.146806 0.021969 0.037639
0 0.547270 0.116972 0.039680 0.053778
0 0.494773 0.209958 0.019844 0.039722
0 0.380395 0.691569 0.036602 0.046583
0 0.346348 0.975465 0.023586 0.039458
0 0.623781 0.892924 0.023750 0.047764
0 0.953301 0.685889 0.025414 0.062083
0 0.935199 0.519826 0.042680 0.085375
0 0.839531 0.348257 0.024531 0.045208
1 0.968297 0.512701 0.063406 0.172792
1 0.212641 0.228576 0.187375 0.199514
1 0.611441 0.643903 0.145289 0.239000
1 0.224168 0.849187 0.188711 0.301625
0 0.950953 0.315049 0.012016 0.032069
0 0.900605 0.124250 0.088539 0.113389
0 0.221125 0.357569 0.018141 0.048528
0 0.218555 0.393819 0.022312 0.038250
0 0.235973 0.367986 0.016695 0.031111
0 0.331789 0.275201 0.016375 0.038014
0 0.355488 0.306194 0.014836 0.032194
0 0.319270 0.293875 0.013289 0.030139
