0 0.018582 0.315556 0.036117 0.064500
0 0.128891 0.106938 0.093250 0.141403
0 0.040102 0.264049 0.055719 0.049736
0 0.025820 0.394681 0.044391 0.066083
0 0.180742 0.538201 0.020781 0.039458
0 0.146559 0.744819 0.035836 0.053417
0 0.060098 0.761465 0.025664 0.049736
0 0.091191 0.759618 0.026820 0.046847
0 0.106449 0.712146 0.042070 0.062069
0 0.042527 0.836056 0.035602 0.058778
0 0.121871 0.923660 0.083227 0.131986
0 0.183859 0.890306 0.018328 0.043528
0 0.447160 0.406417 0.082945 0.110472
0 0.421375 0.086917 0.028703 0.050306
0 0.306578 0.160042 0.024078 0.047083
0 0.380453 0.590639 0.035641 0.045556
0 0.437477 0.574021 0.026781 0.049319
0 0.463680 0.565458 0.018688 0.036306
0 0.495379 0.551764 0.027367 0.041778
0 0.483875 0.616222 0.023547 0.044944
0 0.434578 0.655340 0.023922 0.028542
0 0.452480 0.661042 0.033398 0.053083
0 0.851633 0.321910 0.087219 0.162153
0 0.715414 0.202653 0.043609 0.085806
0 0.751766 0.341271 0.031672 0.046042
0 0.784805 0.230139 0.075234 0.150278
0 0.787867 0.480243 0.038047 0.038819
0 0.772340 0.522771 0.039617 0.095875
0 0.811594 0.481667 0.039656 0.070500
0 0.776727 0.671764 0.148281 0.270972
0 0.806164 0.939306 0.018469 0.030194
0 0.821551 0.920208 0.023680 0.052333
1 0.432918 0.269368 0.113555 0.258292
1 0.058477 0.067799 0.116953 0.135597
1 0.086391 0.537285 0.133266 0.179903
1 0.452840 0.779278 0.096258 0.177306
1 0.875758 0.741653 0.117906 0.164083
1 0.851109 0.146674 0.130469 0.240542
