0 0.080668 0.872028 0.021961 0.036639
0 0.499910 0.514917 0.023602 0.042417
0 0.510023 0.690611 0.044844 0.060000
0 0.455926 0.656500 0.018492 0.027944
0 0.443008 0.756347 0.052656 0.060500
0 0.509125 0.852778 0.017141 0.041111
0 0.821641 0.047306 0.086281 0.092556
1 0.881344 0.169799 0.105500 0.155347
1 0.088785 0.375174 0.159461 0.261153
1 0.877445 0.755139 0.057984 0.137444
0 0.787312 0.918194 0.034672 0.057889
0 0.795500 0.874521 0.023313 0.036986
0 0.789844 0.843257 0.022078 0.037653
0 0.835090 0.877458 0.059258 0.135528
0 0.877270 0.929493 0.035508 0.071014
0 0.835016 0.801132 0.060109 0.104458
0 0.811316 0.729896 0.026195 0.042819
0 0.850020 0.670333 0.032945 0.063028
0 0.814379 0.647563 0.041039 0.059931
0 0.791430 0.601465 0.031172 0.066542
0 0.831871 0.552937 0.031148 0.056514
0 0.904758 0.537236 0.052016 0.079333
0 0.898012 0.442785 0.050633 0.068236
0 0.898820 0.385653 0.028203 0.062472
0 0.929238 0.365104 0.033711 0.055486
0 0.893887 0.336674 0.025430 0.049319
0 0.891566 0.268847 0.018508 0.032917
0 0.928777 0.199208 0.025039 0.050833
0 0.925246 0.293125 0.027930 0.050806
0 0.836195 0.263674 0.061953 0.062875
0 0.805910 0.214771 0.082758 0.063708
0 0.181563 0.033368 0.048547 0.066736
0 0.196434 0.165812 0.015414 0.026375
0 0.088586 0.515562 0.044500 0.064375
0 0.161723 0.749729 0.031945 0.052514
0 0.110797 0.642521 0.030187 0.037681
