0 0.492062 0.393125 0.024297 0.035528
1 0.906973 0.409194 0.132883 0.268889
1 0.514637 0.462924 0.068742 0.117236
1 0.110285 0.679931 0.124430 0.154639
1 0.127828 0.103056 0.181500 0.206111
0 0.139395 0.787778 0.055195 0.091194
0 0.185359 0.777639 0.038281 0.074472
0 0.066523 0.913903 0.053594 0.087000
0 0.042320 0.757847 0.079234 0.160972
0 0.198687 0.496618 0.023016 0.034014
0 0.128711 0.542049 0.160344 0.141542
0 0.165281 0.338389 0.019844 0.042806
0 0.127684 0.339660 0.033539 0.064042
0 0.084906 0.289139 0.029281 0.054111
0 0.059152 0.213042 0.056180 0.105222
0 0.801848 0.126014 0.031961 0.052667
0 0.782949 0.060285 0.100070 0.117792
0 0.968219 0.643750 0.063562 0.091361
0 0.891988 0.726174 0.025461 0.026958
0 0.883105 0.627062 0.033633 0.027292
0 0.877563 0.665938 0.020219 0.039403
0 0.840492 0.645306 0.057672 0.095333
0 0.837582 0.824118 0.024961 0.038986
0 0.481867 0.898431 0.013906 0.022583
0 0.464727 0.916444 0.024437 0.037444
0 0.388691 0.625604 0.019977 0.040319
0 0.498156 0.527000 0.012937 0.018806
0 0.499625 0.361083 0.022141 0.047750
0 0.460207 0.297910 0.099070 0.154153
0 0.137059 0.949778 0.044617 0.094111
