0 0.186848 0.692681 0.047711 0.088361
0 0.754441 0.728903 0.061633 0.086583
0 0.809609 0.709465 0.044734 0.093653
0 0.763887 0.180194 0.251492 0.325167
1 0.861645 0.439604 0.115977 0.225764
1 0.491230 0.559083 0.139164 0.225139
1 0.068406 0.124243 0.136813 0.248486
1 0.065398 0.715028 0.118391 0.176111
1 0.832746 0.956625 0.122461 0.086750
0 0.472137 0.337472 0.047711 0.120167
0 0.175914 0.113042 0.021875 0.070694
0 0.151063 0.214653 0.047719 0.129000
0 0.110805 0.355146 0.044734 0.141375
0 0.050664 0.947951 0.077531 0.104097
