1 0.166098 0.521562 0.173383 0.342236
0 0.114781 0.902972 0.102391 0.180250
0 0.228102 0.788993 0.078531 0.132542
0 0.270344 0.719187 0.041750 0.056542
0 0.435355 0.791639 0.045727 0.091889
0 0.543207 0.798708 0.024852 0.088361
0 0.829492 0.880882 0.070578 0.139597
0 0.838438 0.261396 0.038766 0.092069
0 0.825516 0.170479 0.056656 0.090125
1 0.929871 0.883937 0.140258 0.216486
1 0.942996 0.285104 0.114008 0.258292
1 0.545504 0.444660 0.123852 0.270903
1 0.202582 0.072049 0.132883 0.144097
0 0.849871 0.637007 0.055664 0.136069
0 0.214184 0.252653 0.070570 0.134306
