0 0.035898 0.375743 0.025016 0.046153
0 0.119695 0.417813 0.095016 0.123681
0 0.051012 0.735542 0.029539 0.040528
0 0.453320 0.162778 0.030641 0.047083
0 0.382035 0.093431 0.040617 0.049944
0 0.439359 0.075687 0.028547 0.048153
0 0.466172 0.072715 0.017953 0.033097
0 0.499824 0.062965 0.031398 0.040653
0 0.791180 0.182181 0.137016 0.240750
0 0.833676 0.415083 0.021961 0.037389
1 0.083465 0.039833 0.111148 0.079667
1 0.088203 0.585306 0.158016 0.233667
1 0.455219 0.259826 0.102641 0.172153
1 0.893770 0.207764 0.116211 0.175667
1 0.878230 0.909062 0.118289 0.161847
0 0.817262 0.444264 0.018727 0.032472
0 0.856066 0.620840 0.034242 0.062069
0 0.813797 0.724326 0.064359 0.115403
0 0.802164 0.913611 0.041844 0.076861
0 0.176504 0.038486 0.021008 0.035194
0 0.140336 0.232188 0.029859 0.044514
0 0.094773 0.205986 0.040453 0.062667
0 0.052871 0.246743 0.027930 0.055819
0 0.083984 0.254104 0.022734 0.040403
0 0.433918 0.167181 0.023945 0.027833
0 0.486965 0.132812 0.024086 0.048514
0 0.194633 0.837389 0.014187 0.025694
0 0.033797 0.323299 0.039875 0.057569
