0 0.757422 0.732438 0.049703 0.090125
0 0.868258 0.550333 0.199797 0.136250
0 0.766371 0.157250 0.258445 0.314500
0 0.832473 0.823444 0.066602 0.106028
0 0.812594 0.705931 0.036781 0.058306
1 0.491230 0.562153 0.137773 0.233750
0 0.056629 0.948833 0.081508 0.102333
0 0.199270 0.953250 0.058648 0.093500
0 0.192316 0.692674 0.048711 0.067153
1 0.071016 0.724847 0.122469 0.180611
1 0.069254 0.121819 0.138508 0.243639
1 0.857410 0.443833 0.113070 0.222667
0 0.107324 0.380771 0.035789 0.068931
0 0.119254 0.313618 0.025852 0.086597
0 0.152059 0.196986 0.053680 0.125472
0 0.475613 0.345431 0.074555 0.129000
