0 0.432875 0.561021 0.054672 0.100736
0 0.510902 0.487681 0.029820 0.091889
0 0.495000 0.863208 0.167000 0.263306
0 0.910504 0.353382 0.069586 0.081292
0 0.828496 0.375472 0.058648 0.086583
0 0.769852 0.901208 0.130219 0.194389
0 0.819551 0.462062 0.058648 0.090125
0 0.797188 0.683840 0.051687 0.151986
0 0.898082 0.242847 0.058648 0.107972
0 0.903547 0.151924 0.049703 0.102486
1 0.094105 0.171042 0.158320 0.256500
0 0.117266 0.894139 0.230609 0.197917
0 0.156531 0.572507 0.054672 0.109569
0 0.864285 0.697889 0.100398 0.183972
