0 0.113289 0.341806 0.089469 0.107972
0 0.754941 0.738625 0.050695 0.088361
0 0.172437 0.105097 0.046719 0.097194
0 0.149570 0.198660 0.048703 0.097375
0 0.481578 0.336590 0.060641 0.167875
0 0.773828 0.171271 0.265406 0.325347
1 0.836422 0.954583 0.124672 0.090833
1 0.069219 0.124910 0.138437 0.249819
1 0.066801 0.719167 0.113961 0.172528
1 0.491520 0.565174 0.138586 0.237097
1 0.860926 0.439583 0.121773 0.222667
0 0.810605 0.707701 0.048711 0.086597
0 0.862297 0.583028 0.189859 0.127417
0 0.936352 0.682076 0.125250 0.229736
0 0.188832 0.697090 0.037773 0.090125
0 0.053648 0.939118 0.081516 0.121764
0 0.207723 0.955104 0.065602 0.079514
