1 0.839730 0.955993 0.118570 0.088014
0 0.747484 0.733326 0.059641 0.113097
0 0.817562 0.822562 0.038766 0.104264
0 0.186848 0.691792 0.035789 0.068917
0 0.103848 0.374583 0.042742 0.056556
0 0.122234 0.313618 0.033797 0.065375
0 0.861301 0.579493 0.193836 0.134486
0 0.754441 0.179222 0.296227 0.334167
0 0.177406 0.099785 0.044734 0.075986
1 0.065066 0.717160 0.115164 0.165375
1 0.491691 0.566403 0.142648 0.231944
0 0.203250 0.956785 0.062625 0.086431
0 0.815578 0.710354 0.038766 0.067153
1 0.071309 0.129861 0.142617 0.259722
0 0.056133 0.943611 0.076547 0.106028
0 0.155039 0.211125 0.061625 0.114861
0 0.476113 0.335708 0.055664 0.113111
1 0.859039 0.439181 0.111141 0.217333
