1 0.087156 0.649729 0.157047 0.238625
1 0.078191 0.073264 0.122820 0.146528
0 0.833008 0.266062 0.282844 0.487875
0 0.787270 0.066049 0.058883 0.091597
0 0.850883 0.696931 0.078859 0.052333
0 0.832484 0.814701 0.107250 0.168236
0 0.850359 0.924056 0.161922 0.121500
0 0.497066 0.112785 0.031539 0.099069
0 0.436605 0.148299 0.041008 0.072903
0 0.381934 0.160451 0.045211 0.074764
0 0.119590 0.483660 0.116102 0.162264
0 0.136023 0.290236 0.040891 0.097361
0 0.036719 0.411611 0.065719 0.116833
0 0.070305 0.262972 0.109531 0.144083
1 0.892219 0.270014 0.116781 0.156778
1 0.457824 0.326715 0.095477 0.169653
