0 0.771344 0.629062 0.159047 0.452403
0 0.557621 0.399326 0.087477 0.137847
0 0.530285 0.231354 0.084492 0.123875
0 0.502949 0.103236 0.180914 0.175139
0 0.827004 0.129833 0.045727 0.097194
0 0.872730 0.256181 0.147117 0.222667
1 0.883922 0.078062 0.179281 0.156125
1 0.873824 0.593618 0.147867 0.246375
1 0.468113 0.692000 0.107273 0.253417
1 0.087000 0.395792 0.174000 0.366167
0 0.175914 0.519410 0.109344 0.152153
0 0.075020 0.682868 0.118289 0.153931
0 0.461203 0.481410 0.033797 0.058486
0 0.856828 0.943618 0.178922 0.084819
0 0.883172 0.769458 0.104375 0.192806
