0 0.138906 0.559896 0.037109 0.060625
0 0.102293 0.528687 0.048148 0.069542
0 0.445340 0.217521 0.076227 0.103431
0 0.865625 0.155993 0.102313 0.169403
0 0.779859 0.328076 0.055172 0.089153
0 0.815469 0.285278 0.046141 0.082028
1 0.084293 0.339486 0.119398 0.173361
1 0.096234 0.902354 0.151250 0.195292
1 0.456930 0.587132 0.090547 0.152125
1 0.436035 0.091910 0.106461 0.183819
1 0.874840 0.554410 0.094523 0.168042
0 0.118844 0.740889 0.083250 0.144444
0 0.036594 0.641924 0.045141 0.071319
0 0.059664 0.567028 0.041125 0.060639
