0 0.489473 0.953812 0.054164 0.092375
0 0.177523 0.301326 0.050156 0.085597
0 0.030082 0.288847 0.060164 0.110556
0 0.111820 0.042778 0.137422 0.085556
0 0.191562 0.697201 0.040125 0.057069
0 0.170500 0.800632 0.052156 0.089153
0 0.832523 0.032083 0.062188 0.064167
0 0.846566 0.134597 0.054164 0.094500
0 0.803434 0.622306 0.058180 0.092722
0 0.892102 0.655118 0.121375 0.215764
1 0.893547 0.513021 0.121391 0.102597
1 0.098227 0.171437 0.121391 0.173347
1 0.083297 0.750764 0.149250 0.267111
1 0.469867 0.545563 0.116422 0.185736
