0 0.858293 0.246875 0.108539 0.200083
0 0.873547 0.781417 0.097016 0.169944
0 0.785105 0.936896 0.058305 0.097625
0 0.101680 0.915715 0.118031 0.168569
0 0.437988 0.472861 0.032539 0.049417
0 0.553207 0.347514 0.050242 0.078333
0 0.526766 0.403556 0.031250 0.065083
0 0.504730 0.240243 0.059055 0.133792
0 0.762391 0.195049 0.102375 0.178375
1 0.092633 0.417076 0.185078 0.348125
1 0.457258 0.676757 0.121500 0.228292
1 0.855559 0.584319 0.137508 0.253056
1 0.861156 0.077924 0.147875 0.155847
0 0.490156 0.093201 0.104469 0.153069
0 0.569137 0.047403 0.056336 0.073528
