0 0.230496 0.743451 0.054305 0.101236
0 0.870156 0.636785 0.092953 0.121736
0 0.823035 0.707896 0.047523 0.066292
0 0.847441 0.768764 0.059727 0.086778
1 0.948031 0.838632 0.103937 0.215347
1 0.959105 0.312729 0.081789 0.156514
1 0.556016 0.931653 0.117344 0.136694
1 0.573633 0.384701 0.138891 0.244458
1 0.223371 0.533583 0.124383 0.243222
0 0.320664 0.367403 0.135656 0.224194
0 0.289141 0.059451 0.036000 0.087986
0 0.297953 0.143826 0.044141 0.073514
0 0.204395 0.128153 0.057695 0.095222
0 0.223715 0.180583 0.054305 0.086778
0 0.230836 0.275201 0.060406 0.100042
