0 0.505723 0.433493 0.047445 0.087292
0 0.536875 0.387632 0.014984 0.025153
0 0.210734 0.162771 0.030625 0.049125
0 0.193754 0.176965 0.017977 0.030181
0 0.163461 0.194722 0.023969 0.044389
0 0.185766 0.258056 0.055266 0.098833
0 0.148074 0.366847 0.025523 0.046528
0 0.132734 0.410563 0.019969 0.034514
0 0.203531 0.750021 0.028016 0.043903
0 0.838633 0.070840 0.045063 0.051986
0 0.871469 0.096826 0.022531 0.039208
0 0.906270 0.238347 0.027570 0.042611
0 0.768715 0.154132 0.171195 0.269986
0 0.787910 0.324958 0.097336 0.133778
0 0.775738 0.857694 0.038352 0.075861
0 0.828227 0.832132 0.031156 0.057097
0 0.830145 0.938229 0.019648 0.035792
0 0.861062 0.702160 0.085328 0.124431
