0 0.190562 0.328972 0.102109 0.180667
0 0.092957 0.249035 0.108820 0.195153
0 0.478152 0.706889 0.025961 0.048528
0 0.118750 0.665090 0.031156 0.053681
0 0.185621 0.815083 0.023008 0.034944
0 0.781191 0.448847 0.029961 0.052556
0 0.781234 0.385361 0.047141 0.085944
0 0.742285 0.352687 0.065117 0.117181
0 0.773637 0.124021 0.024039 0.043569
0 0.865434 0.478917 0.031977 0.073639
0 0.884313 0.573611 0.016188 0.041778
0 0.802863 0.763764 0.064586 0.131972
0 0.798703 0.861118 0.060922 0.099431
0 0.551293 0.945132 0.041227 0.076708
0 0.108500 0.900486 0.121953 0.199028
0 0.102883 0.036694 0.052250 0.073389
