0 0.313199 0.584500 0.019977 0.038361
0 0.283238 0.552826 0.025570 0.041903
0 0.240695 0.493528 0.016375 0.041194
0 0.217125 0.411924 0.020375 0.035514
0 0.202344 0.394451 0.019578 0.033375
0 0.228512 0.391257 0.021570 0.035514
0 0.238098 0.312424 0.022367 0.039764
0 0.189961 0.283306 0.015578 0.029833
0 0.219082 0.218354 0.021570 0.034097
0 0.267023 0.366215 0.017734 0.026431
0 0.146457 0.209833 0.090117 0.122722
0 0.118223 0.074160 0.035664 0.051125
0 0.875637 0.091451 0.026305 0.045569
0 0.879855 0.468687 0.100227 0.164931
0 0.748977 0.534958 0.043906 0.073639
0 0.809859 0.531278 0.062953 0.110444
0 0.124719 0.811965 0.065609 0.109569
0 0.085953 0.904563 0.095422 0.166125
0 0.189828 0.933722 0.130219 0.132556
