0 0.107676 0.168326 0.093477 0.124431
0 0.025977 0.094264 0.049016 0.097806
0 0.145359 0.438438 0.038187 0.070625
0 0.156809 0.824764 0.044117 0.067139
0 0.831684 0.145660 0.031070 0.051264
0 0.815309 0.176264 0.015117 0.028861
0 0.855746 0.356743 0.035273 0.038819
0 0.809891 0.462035 0.040000 0.058236
0 0.802594 0.620986 0.033125 0.058056
0 0.826035 0.706833 0.024023 0.040639
0 0.926113 0.721972 0.027758 0.047694
0 0.890535 0.766972 0.025195 0.036500
0 0.929844 0.797451 0.026828 0.033597
0 0.901617 0.818188 0.031031 0.039403
0 0.895738 0.872646 0.028773 0.045264
0 0.903410 0.971931 0.045242 0.056139
0 0.828766 0.966736 0.034062 0.054750
0 0.496777 0.948792 0.021039 0.034583
