0 0.152504 0.215736 0.048992 0.064694
0 0.170980 0.112465 0.045633 0.062208
0 0.121551 0.313972 0.027992 0.051417
0 0.104527 0.361868 0.021930 0.036903
0 0.053578 0.959111 0.056188 0.076722
0 0.203227 0.947576 0.040828 0.073819
0 0.477297 0.341750 0.053078 0.088389
0 0.763266 0.153611 0.062078 0.103917
0 0.719988 0.034389 0.055148 0.068778
0 0.757055 0.740319 0.034938 0.063306
0 0.808957 0.705944 0.034352 0.055389
0 0.788480 0.453590 0.041945 0.057403
0 0.833469 0.541583 0.033984 0.058361
0 0.804211 0.526167 0.042047 0.076833
0 0.727664 0.129979 0.140219 0.258514
0 0.866281 0.114090 0.053359 0.101375
