0 0.490633 0.736653 0.025797 0.043889
0 0.442496 0.693257 0.031070 0.054736
0 0.469133 0.684625 0.019422 0.036500
0 0.389098 0.708542 0.051320 0.068556
0 0.814258 0.616139 0.046000 0.071111
0 0.792066 0.610799 0.034445 0.041514
0 0.776918 0.655729 0.044742 0.097292
0 0.520699 0.103701 0.044273 0.079903
0 0.768219 0.141937 0.034484 0.059597
0 0.800172 0.116028 0.044937 0.082861
0 0.723355 0.338750 0.044383 0.078417
0 0.792297 0.364104 0.063250 0.105542
0 0.760805 0.461021 0.071297 0.131681
0 0.862207 0.480250 0.092102 0.159306
0 0.779512 0.801250 0.110258 0.220861
0 0.430813 0.211118 0.026297 0.053264
0 0.137848 0.229111 0.084148 0.126583
0 0.027152 0.413375 0.040227 0.101111
0 0.089707 0.311528 0.047711 0.082861
0 0.052039 0.378500 0.047391 0.053778
0 0.189074 0.650535 0.026117 0.043153
0 0.152016 0.860306 0.048313 0.080556
0 0.109477 0.826194 0.049703 0.075611
0 0.047223 0.945764 0.044117 0.064056
0 0.065410 0.880042 0.033523 0.062333
0 0.097410 0.877653 0.030055 0.056306
0 0.502004 0.672542 0.031352 0.045861
0 0.446660 0.787701 0.059367 0.072986
