0 0.161449 0.123903 0.021273 0.032056
0 0.176477 0.107667 0.032828 0.049722
0 0.128504 0.145069 0.021961 0.048083
0 0.155887 0.201715 0.055727 0.100097
0 0.122680 0.316403 0.027047 0.043972
0 0.105340 0.359556 0.027508 0.039861
0 0.197141 0.258417 0.018266 0.030833
0 0.108375 0.452264 0.023891 0.030139
0 0.110012 0.592431 0.015414 0.026833
0 0.188613 0.693111 0.031445 0.046028
0 0.202852 0.948917 0.047391 0.081778
0 0.404438 0.052611 0.025797 0.054750
0 0.444109 0.015333 0.016922 0.030667
0 0.476234 0.341292 0.048266 0.101056
0 0.504668 0.299125 0.020805 0.043444
0 0.756992 0.163042 0.065672 0.136361
0 0.719840 0.109354 0.116008 0.161931
0 0.859098 0.115750 0.081977 0.125278
0 0.791152 0.452333 0.055898 0.070306
0 0.805922 0.532229 0.065516 0.090903
0 0.757422 0.734583 0.047937 0.076944
0 0.808891 0.705882 0.035953 0.060375
0 0.839613 0.824069 0.023117 0.033389
0 0.814293 0.811632 0.024086 0.037681
0 0.936523 0.664750 0.089219 0.156250
