0 0.853414 0.504146 0.103031 0.181458
0 0.448273 0.822014 0.039500 0.074528
0 0.482578 0.772278 0.017328 0.032250
0 0.152336 0.590715 0.030797 0.044292
0 0.106426 0.628292 0.021273 0.035833
0 0.134145 0.608889 0.018477 0.035833
0 0.131473 0.689153 0.049586 0.088861
0 0.072914 0.837306 0.025188 0.038222
0 0.064516 0.801174 0.019813 0.038819
0 0.100457 0.789229 0.029898 0.051958
0 0.071563 0.905486 0.024672 0.041278
0 0.130387 0.198757 0.041117 0.065931
0 0.085547 0.382299 0.039641 0.073458
0 0.022121 0.348792 0.043336 0.077639
0 0.060766 0.233660 0.088688 0.159097
0 0.760297 0.480062 0.051281 0.098903
0 0.695066 0.551729 0.118414 0.214236
