0 0.099273 0.058875 0.047125 0.059306
0 0.134777 0.118806 0.021461 0.036500
0 0.084977 0.114653 0.026828 0.039806
0 0.113672 0.120250 0.020297 0.036083
0 0.084273 0.203194 0.092609 0.153861
0 0.208461 0.101729 0.017469 0.029264
0 0.245074 0.271340 0.036945 0.063903
0 0.529551 0.463215 0.069898 0.110486
0 0.477652 0.422306 0.032555 0.058528
0 0.799484 0.596514 0.033594 0.058528
0 0.822156 0.551722 0.027875 0.047778
0 0.837945 0.592632 0.033922 0.060319
0 0.835090 0.485431 0.036945 0.066889
0 0.864480 0.436757 0.017133 0.031653
0 0.902777 0.401826 0.015117 0.027458
0 0.877586 0.189653 0.029828 0.053750
0 0.824980 0.114410 0.025398 0.048014
0 0.839895 0.054208 0.045555 0.082417
0 0.074512 0.610521 0.076914 0.128125
0 0.134492 0.474222 0.071109 0.127278
0 0.855648 0.775465 0.101000 0.180597
