0 0.293766 0.088431 0.034031 0.050806
0 0.243555 0.116181 0.028828 0.047833
0 0.881062 0.729097 0.050688 0.062556
0 0.866781 0.586132 0.078828 0.127819
0 0.841219 0.710194 0.022156 0.034528
0 0.833523 0.733222 0.024750 0.045667
0 0.869086 0.438576 0.023594 0.058792
0 0.833723 0.646396 0.034680 0.049319
0 0.570484 0.616528 0.016953 0.033556
0 0.600602 0.040458 0.013375 0.025222
0 0.321609 0.291139 0.133859 0.156833
0 0.303449 0.699722 0.016758 0.030139
0 0.230156 0.693556 0.054734 0.085611
0 0.317937 0.527938 0.029687 0.037486
0 0.235426 0.302549 0.016211 0.021125
0 0.253727 0.274146 0.016531 0.034542
0 0.341219 0.214986 0.028500 0.031639
0 0.320426 0.157451 0.017336 0.036653
0 0.243941 0.170639 0.028898 0.045889
0 0.271781 0.184681 0.027547 0.046583
0 0.231699 0.220514 0.053461 0.063361
0 0.167004 0.204958 0.025852 0.048806
0 0.286535 0.016458 0.033289 0.031944
0 0.279602 0.043285 0.027188 0.035514
0 0.203719 0.074708 0.046719 0.070500
0 0.223449 0.119139 0.033570 0.076444
