0 0.501680 0.024847 0.035078 0.042472
0 0.559871 0.123826 0.013867 0.031514
0 0.519605 0.112507 0.033133 0.038319
0 0.238660 0.954750 0.018727 0.036167
0 0.175379 0.645708 0.016758 0.041778
0 0.216605 0.666604 0.030242 0.047264
0 0.223289 0.527444 0.027047 0.048500
0 0.269180 0.346243 0.019422 0.033292
0 0.223059 0.410972 0.025195 0.054250
0 0.094730 0.274438 0.023305 0.047347
0 0.109734 0.164528 0.036984 0.049278
0 0.133637 0.055833 0.041148 0.073139
0 0.863371 0.215757 0.028430 0.040042
0 0.904672 0.266097 0.063812 0.082611
0 0.965234 0.339507 0.023281 0.033958
0 0.916609 0.437312 0.029219 0.043375
0 0.836578 0.499965 0.023281 0.040819
0 0.877563 0.818590 0.026172 0.029681
0 0.860453 0.586382 0.020250 0.038958
0 0.582184 0.569604 0.030180 0.081625
0 0.570461 0.532500 0.017016 0.029111
0 0.522531 0.486979 0.025547 0.037958
