0 0.285949 0.278542 0.014773 0.027111
0 0.350441 0.051312 0.039070 0.047264
0 0.347523 0.121507 0.015953 0.032875
0 0.336359 0.380576 0.018938 0.035958
0 0.348320 0.426812 0.022313 0.037681
0 0.298180 0.493597 0.040469 0.042417
0 0.303258 0.561875 0.034563 0.054111
0 0.232164 0.617354 0.041609 0.071514
0 0.249082 0.593681 0.025523 0.051778
0 0.204281 0.563354 0.040219 0.057208
0 0.226473 0.571243 0.015258 0.034514
0 0.173488 0.678014 0.029133 0.047833
0 0.279598 0.659278 0.029961 0.055722
0 0.250191 0.652368 0.036617 0.044875
0 0.247004 0.722153 0.081289 0.062139
0 0.302766 0.694049 0.025250 0.043403
0 0.218984 0.680236 0.035781 0.038472
0 0.351035 0.683201 0.031898 0.047347
0 0.329812 0.623764 0.019422 0.036000
0 0.329613 0.808229 0.135148 0.243403
0 0.585008 0.332340 0.030359 0.048931
0 0.858758 0.831785 0.009938 0.033708
0 0.888340 0.914465 0.028508 0.069181
0 0.924750 0.885007 0.017344 0.032181
0 0.612387 0.505944 0.014836 0.033222
