0 0.495078 0.857507 0.177984 0.279458
0 0.841789 0.657493 0.115078 0.148042
0 0.906492 0.235757 0.043797 0.076514
0 0.909672 0.335750 0.059453 0.077389
0 0.834602 0.339667 0.038906 0.084333
0 0.902609 0.177535 0.039547 0.082931
0 0.942672 0.155403 0.041578 0.038861
0 0.931008 0.088694 0.051719 0.065889
0 0.880160 0.525819 0.088445 0.150278
0 0.813914 0.449556 0.061953 0.074028
0 0.773965 0.875986 0.128289 0.244306
0 0.118340 0.877674 0.236680 0.244653
0 0.161566 0.525528 0.057773 0.105278
0 0.508227 0.472882 0.069328 0.071903
0 0.439617 0.543500 0.044781 0.120694
