1 0.888645 0.488562 0.105383 0.164347
1 0.092434 0.711250 0.141117 0.249167
0 0.810344 0.319681 0.046250 0.099417
0 0.812414 0.324583 0.053156 0.109222
1 0.088453 0.162667 0.173047 0.261167
0 0.856938 0.238681 0.053844 0.082222
0 0.811977 0.942201 0.037969 0.067486
0 0.829523 0.857319 0.031641 0.059306
0 0.793281 0.890042 0.022438 0.045000
0 0.906031 0.842486 0.043141 0.078750
0 0.898551 0.745333 0.046602 0.072611
0 0.893953 0.675792 0.028187 0.043972
0 0.893949 0.630792 0.024742 0.043972
0 0.928754 0.592451 0.026461 0.047042
0 0.927602 0.666076 0.029906 0.051125
0 0.500312 0.808562 0.017750 0.030569
0 0.828496 0.026257 0.032180 0.052514
0 0.176020 0.337639 0.043148 0.067472
0 0.192598 0.460146 0.015586 0.025569
0 0.854176 0.320910 0.048320 0.099403
