0 0.536508 0.688187 0.017578 0.025569
0 0.584348 0.359542 0.029695 0.046528
0 0.329219 0.853806 0.126234 0.213056
0 0.262066 0.751042 0.043148 0.046167
0 0.230906 0.762257 0.043141 0.071014
0 0.325980 0.653951 0.020773 0.033375
1 0.242035 0.427674 0.137477 0.193236
1 0.583086 0.856951 0.165094 0.283042
1 0.650652 0.271104 0.173320 0.320653
0 0.344559 0.076715 0.029961 0.048292
0 0.360617 0.019542 0.021969 0.034806
0 0.331543 0.410104 0.017258 0.030681
0 0.344965 0.448882 0.017258 0.029819
0 0.341133 0.476583 0.008625 0.018750
0 0.207867 0.590354 0.035469 0.062208
0 0.232074 0.641056 0.030195 0.061361
0 0.248133 0.624014 0.021094 0.042611
0 0.301824 0.594187 0.032602 0.057958
0 0.169586 0.716813 0.025172 0.036931
0 0.215727 0.711479 0.022375 0.040486
0 0.247684 0.687333 0.021570 0.039056
0 0.278645 0.687688 0.025961 0.046875
0 0.301617 0.725681 0.019172 0.036222
0 0.345359 0.714674 0.021969 0.038347
