0 0.156695 0.825535 0.017953 0.031903
0 0.115969 0.813875 0.051078 0.079778
0 0.439734 0.724285 0.024969 0.042014
0 0.543582 0.749187 0.021977 0.040486
0 0.841957 0.835722 0.071102 0.110444
0 0.845395 0.576340 0.040586 0.073625
0 0.941488 0.554986 0.020711 0.030917
0 0.830051 0.127847 0.034992 0.056250
0 0.835273 0.212132 0.032594 0.055403
0 0.863797 0.070236 0.062797 0.112500
0 0.877941 0.186562 0.051773 0.099708
0 0.302414 0.030194 0.025562 0.037639
0 0.259152 0.964875 0.033961 0.057528
0 0.562363 0.127250 0.021570 0.036639
0 0.212133 0.200285 0.053531 0.100847
1 0.930793 0.830694 0.138414 0.213083
1 0.539730 0.887451 0.062867 0.149347
1 0.169477 0.464229 0.166266 0.341542
1 0.548555 0.392403 0.125078 0.268917
1 0.945031 0.235528 0.109938 0.230889
0 0.111824 0.928104 0.104930 0.143792
0 0.236426 0.724903 0.057289 0.095722
0 0.271977 0.673972 0.027609 0.042944
0 0.284402 0.538368 0.024852 0.039264
