1 0.222355 0.180660 0.179195 0.336319
0 0.325555 0.762333 0.016781 0.029833
0 0.273781 0.666451 0.014859 0.025569
0 0.331137 0.448285 0.029961 0.056819
0 0.348352 0.389556 0.023969 0.039056
1 0.629305 0.084097 0.146875 0.168194
1 0.634367 0.639618 0.171359 0.314792
1 0.232164 0.803861 0.128922 0.186361
0 0.337059 0.804090 0.017742 0.031542
0 0.212180 0.954243 0.056563 0.091514
0 0.292234 0.943000 0.034516 0.063917
0 0.285527 0.879938 0.030680 0.057097
0 0.972367 0.142611 0.030516 0.051778
0 0.629590 0.328889 0.020633 0.034917
