0 0.812961 0.807868 0.031438 0.053431
0 0.809031 0.710049 0.031438 0.060014
0 0.756441 0.736354 0.042305 0.075625
0 0.831797 0.541278 0.035641 0.063361
0 0.802973 0.525674 0.050211 0.077931
0 0.789246 0.452729 0.045211 0.063625
0 0.406645 0.053806 0.032289 0.058000
0 0.476430 0.339444 0.048547 0.097639
0 0.059359 0.957840 0.065750 0.084319
0 0.201117 0.945840 0.035141 0.061236
0 0.188520 0.692910 0.032367 0.051375
0 0.121832 0.316528 0.025383 0.045944
1 0.069461 0.121972 0.138922 0.243944
0 0.106078 0.361924 0.026391 0.035958
0 0.170621 0.114944 0.038945 0.069833
0 0.153875 0.212597 0.051937 0.084028
1 0.860641 0.443778 0.112125 0.221944
1 0.492121 0.563368 0.133664 0.222819
1 0.065820 0.709250 0.113828 0.161028
0 0.711148 0.102222 0.065250 0.116000
0 0.757754 0.159333 0.072570 0.128417
0 0.837234 0.821833 0.018031 0.032056
