0 0.898570 0.072868 0.027297 0.043208
0 0.924043 0.162472 0.058258 0.087583
0 0.936457 0.492757 0.026586 0.053014
0 0.907215 0.492139 0.031445 0.052611
0 0.911840 0.559750 0.051789 0.099861
0 0.852551 0.742771 0.031070 0.057208
0 0.544145 0.854187 0.020258 0.035514
0 0.294305 0.397590 0.029406 0.052764
0 0.286980 0.462097 0.027742 0.041917
1 0.144563 0.142764 0.142391 0.258222
1 0.156938 0.722660 0.117641 0.177708
1 0.565973 0.584868 0.163055 0.249431
1 0.912215 0.350174 0.130430 0.189042
1 0.960516 0.856222 0.078969 0.208889
0 0.560371 0.774438 0.025523 0.047847
0 0.498320 0.307458 0.023969 0.034083
