1 0.580715 0.621625 0.150961 0.304639
1 0.955555 0.279125 0.088891 0.169000
1 0.952254 0.934208 0.095492 0.131583
0 0.914027 0.570701 0.020805 0.036486
0 0.940344 0.164465 0.023813 0.042736
0 0.870609 0.045556 0.042172 0.074972
0 0.532996 0.858840 0.017727 0.028764
0 0.565070 0.817931 0.035641 0.047583
0 0.547074 0.285514 0.032117 0.055389
0 0.212027 0.628910 0.027336 0.051542
0 0.200633 0.487417 0.030047 0.043167
0 0.188148 0.387757 0.026813 0.049319
0 0.103578 0.277056 0.053813 0.094694
0 0.095004 0.087931 0.057523 0.078833
1 0.156941 0.204958 0.131242 0.248417
1 0.213559 0.838722 0.085680 0.195111
