0 0.147918 0.543132 0.021305 0.033736
0 0.121117 0.544910 0.050266 0.058597
0 0.189699 0.626903 0.017805 0.027944
0 0.174559 0.651771 0.022195 0.035764
0 0.119863 0.882542 0.036898 0.047833
0 0.530316 0.412139 0.078695 0.103694
0 0.482777 0.369882 0.048336 0.046153
0 0.496762 0.419590 0.029164 0.041903
0 0.823738 0.057222 0.022367 0.049778
0 0.831523 0.023132 0.050734 0.044097
0 0.875270 0.123229 0.031961 0.048292
0 0.842910 0.086694 0.026367 0.043389
0 0.902266 0.343736 0.019188 0.029583
0 0.862043 0.376326 0.024039 0.030014
0 0.836285 0.426535 0.043727 0.077097
0 0.821602 0.491292 0.029969 0.040194
0 0.835449 0.537785 0.030367 0.050431
0 0.800801 0.544326 0.038664 0.058264
0 0.853637 0.722701 0.111648 0.178458
1 0.910488 0.559382 0.179023 0.218292
1 0.536648 0.081535 0.081187 0.163069
1 0.483797 0.641264 0.142766 0.332139
1 0.116309 0.762014 0.183305 0.310833
0 0.135730 0.066361 0.027633 0.042611
0 0.209137 0.054521 0.022633 0.036681
0 0.101609 0.053931 0.042609 0.066278
0 0.081469 0.151583 0.104859 0.164528
0 0.131234 0.416187 0.093078 0.147014
0 0.243891 0.220167 0.042750 0.078833
0 0.085328 0.559111 0.116516 0.110667
