0 0.830660 0.937139 0.024133 0.037972
0 0.775871 0.857736 0.039398 0.076444
0 0.804270 0.294868 0.077445 0.122069
0 0.766031 0.123799 0.133781 0.235069
0 0.752785 0.226979 0.091211 0.183458
0 0.504809 0.431715 0.051320 0.091236
0 0.536348 0.387111 0.019930 0.032833
1 0.094176 0.159160 0.158633 0.272431
1 0.079082 0.764736 0.121586 0.163194
1 0.516660 0.653757 0.137492 0.222681
1 0.888957 0.578687 0.110164 0.230653
0 0.907238 0.242014 0.053633 0.090000
0 0.881496 0.132111 0.020305 0.036111
0 0.840051 0.094826 0.053930 0.086986
0 0.932457 0.088292 0.122867 0.176583
0 0.483090 0.092007 0.026117 0.046847
0 0.440672 0.081729 0.020344 0.031236
0 0.442980 0.129611 0.020805 0.057944
0 0.210574 0.160299 0.031977 0.045208
0 0.195043 0.176847 0.023117 0.035222
0 0.161793 0.193764 0.024039 0.051778
0 0.184219 0.265854 0.058031 0.075208
0 0.226004 0.316681 0.016945 0.029333
0 0.149227 0.366014 0.025547 0.052806
0 0.130570 0.407306 0.034625 0.046167
0 0.204563 0.750083 0.030516 0.044389
0 0.832227 0.655694 0.048266 0.079889
0 0.860523 0.675521 0.044937 0.084042
0 0.819242 0.579347 0.056922 0.062139
0 0.828582 0.829382 0.041055 0.057208
