0 0.416656 0.108972 0.137531 0.166778
0 0.856355 0.945312 0.097414 0.109375
0 0.698535 0.936299 0.115352 0.127403
0 0.770941 0.904396 0.068305 0.116958
0 0.812230 0.625542 0.027133 0.044167
0 0.927746 0.486889 0.107477 0.118194
0 0.851434 0.456882 0.022836 0.039403
0 0.854188 0.418576 0.032172 0.030792
0 0.812063 0.440083 0.064625 0.093306
0 0.785625 0.212299 0.065766 0.141403
0 0.790996 0.317875 0.058008 0.097417
0 0.459875 0.350167 0.017188 0.035417
0 0.529563 0.430937 0.068391 0.100347
0 0.348473 0.450146 0.021961 0.038347
0 0.431687 0.732069 0.023641 0.035278
0 0.384121 0.983861 0.024242 0.032278
0 0.166895 0.976653 0.036461 0.046694
0 0.102773 0.780597 0.047719 0.084333
0 0.041836 0.744944 0.056172 0.081778
0 0.091848 0.638826 0.097070 0.142042
0 0.143527 0.609028 0.034445 0.062056
0 0.092988 0.368903 0.162117 0.129611
0 0.078809 0.182354 0.037617 0.065097
0 0.045684 0.126722 0.038617 0.060361
1 0.064672 0.500424 0.129344 0.168264
1 0.472594 0.272958 0.065688 0.118222
1 0.879492 0.192354 0.151578 0.274486
1 0.852031 0.807889 0.117906 0.168278
1 0.433426 0.842708 0.133414 0.175528
