0 0.204250 0.954715 0.083750 0.086681
0 0.476391 0.340743 0.054312 0.099542
0 0.506414 0.296979 0.017141 0.032875
0 0.759625 0.735826 0.044062 0.078625
0 0.444164 0.016597 0.018359 0.033194
0 0.405691 0.053340 0.020523 0.059542
0 0.395836 0.117076 0.028625 0.053514
0 0.758277 0.166278 0.094008 0.138111
0 0.830516 0.543688 0.053422 0.091236
0 0.721781 0.112667 0.124297 0.161250
0 0.865559 0.121625 0.075914 0.117056
0 0.154984 0.213319 0.056922 0.070083
0 0.803340 0.525847 0.058789 0.082111
0 0.176734 0.108007 0.035156 0.049542
0 0.162883 0.122271 0.025922 0.038875
0 0.129203 0.144611 0.020156 0.048667
0 0.123109 0.316611 0.031109 0.049528
0 0.105535 0.361257 0.028023 0.038014
0 0.108691 0.593785 0.028773 0.035597
0 0.794285 0.450674 0.068039 0.070847
0 0.815738 0.807722 0.030242 0.055194
0 0.837477 0.823799 0.022141 0.033125
0 0.810250 0.706729 0.036453 0.056736
0 0.188277 0.693028 0.031492 0.045278
0 0.051922 0.955562 0.079312 0.088875
