1 0.884406 0.412118 0.109688 0.178681
0 0.796090 0.844250 0.053273 0.111000
0 0.812602 0.958688 0.024688 0.042903
0 0.847836 0.897042 0.036344 0.058694
0 0.905121 0.769799 0.050492 0.087292
0 0.898125 0.673153 0.047969 0.077528
1 0.076789 0.107535 0.146125 0.215069
0 0.172520 0.270181 0.044273 0.064500
0 0.141227 0.209931 0.067250 0.117778
0 0.156270 0.621014 0.060586 0.120722
0 0.079582 0.777938 0.036898 0.061653
0 0.498316 0.744396 0.019977 0.036986
0 0.507805 0.929889 0.047859 0.066583
0 0.454863 0.894951 0.018727 0.030403
0 0.813574 0.886187 0.041055 0.071514
0 0.828832 0.786563 0.041617 0.075458
1 0.088812 0.635146 0.143625 0.258292
0 0.849668 0.262958 0.051930 0.143806
0 0.850469 0.151875 0.045609 0.078111
0 0.809191 0.252215 0.047602 0.077486
0 0.801320 0.414431 0.051531 0.075639
0 0.800641 0.454826 0.072125 0.044375
0 0.828027 0.501646 0.058477 0.053375
0 0.926000 0.524222 0.029375 0.050806
0 0.893848 0.564326 0.028227 0.044708
0 0.900070 0.616208 0.030984 0.056806
0 0.929609 0.593090 0.032594 0.053375
