0 0.161402 0.124056 0.020039 0.038000
0 0.756391 0.736361 0.041281 0.080500
0 0.407141 0.053299 0.021031 0.061375
0 0.443754 0.016021 0.019117 0.032042
0 0.394340 0.119389 0.028023 0.047833
0 0.505859 0.299347 0.019187 0.038639
0 0.475461 0.340854 0.049937 0.095347
0 0.413527 0.670882 0.022742 0.041097
0 0.053836 0.954486 0.081281 0.091028
0 0.205086 0.947972 0.056188 0.088472
0 0.188957 0.691840 0.032367 0.050347
0 0.107637 0.595146 0.020711 0.037958
0 0.106910 0.452299 0.023508 0.040069
0 0.104871 0.363021 0.027773 0.034819
0 0.122391 0.314903 0.021031 0.051083
0 0.145750 0.145479 0.020109 0.030819
0 0.128266 0.144056 0.020547 0.049944
0 0.787582 0.455660 0.051820 0.061986
0 0.804055 0.528438 0.048547 0.080819
1 0.858164 0.440639 0.113656 0.219583
1 0.489895 0.565583 0.145539 0.229889
1 0.067793 0.118729 0.135586 0.237458
0 0.835738 0.546139 0.076008 0.104056
1 0.068730 0.719660 0.115492 0.171819
0 0.811090 0.812507 0.017570 0.039042
0 0.177543 0.105958 0.032117 0.046806
0 0.152684 0.200708 0.052977 0.098639
0 0.836867 0.825264 0.018062 0.033778
0 0.717176 0.113056 0.091211 0.164528
0 0.760020 0.159451 0.085883 0.156958
0 0.809320 0.707660 0.035953 0.068069
