0 0.522805 0.292056 0.049453 0.091639
0 0.506824 0.171535 0.096133 0.175347
0 0.584145 0.106896 0.045133 0.075792
0 0.468375 0.221319 0.042625 0.078750
0 0.461012 0.543444 0.030477 0.045583
0 0.217930 0.388688 0.036281 0.060319
0 0.179820 0.376611 0.023703 0.039556
0 0.160980 0.145583 0.041117 0.061639
0 0.085055 0.725840 0.046437 0.074819
0 0.062320 0.773139 0.036766 0.062778
0 0.062082 0.718965 0.026602 0.057625
0 0.212594 0.976368 0.016719 0.034181
0 0.558340 0.436208 0.044023 0.082556
1 0.090586 0.450674 0.181172 0.365486
0 0.885367 0.260722 0.069656 0.112694
0 0.827762 0.164382 0.040398 0.081736
0 0.795660 0.253465 0.111258 0.161681
0 0.839895 0.458681 0.040711 0.070222
0 0.786602 0.484910 0.032656 0.056625
0 0.894281 0.848646 0.068531 0.105708
0 0.882187 0.774299 0.039641 0.075236
0 0.773602 0.581451 0.071109 0.111792
0 0.757637 0.682931 0.048852 0.098028
0 0.809637 0.704861 0.080305 0.126417
0 0.820262 0.956674 0.031039 0.058042
0 0.491004 0.872896 0.044336 0.084569
1 0.883723 0.105264 0.165680 0.210528
1 0.875328 0.649188 0.138562 0.244569
1 0.469895 0.749722 0.111039 0.250667
