0 0.854727 0.306042 0.021766 0.046583
0 0.807750 0.787847 0.054656 0.085139
0 0.087914 0.061347 0.061531 0.088750
0 0.039441 0.129146 0.067336 0.090819
0 0.154957 0.171972 0.135836 0.201222
0 0.156105 0.932451 0.035070 0.059486
0 0.104906 0.951799 0.048781 0.083847
0 0.021395 0.402069 0.042789 0.081694
0 0.094992 0.503833 0.038297 0.057333
0 0.125023 0.503826 0.021766 0.037264
0 0.094184 0.582299 0.045555 0.066653
0 0.530641 0.758833 0.039641 0.054944
0 0.930703 0.762250 0.089391 0.172333
0 0.967164 0.646972 0.063188 0.142667
0 0.761934 0.277590 0.027820 0.058764
0 0.869441 0.392035 0.015727 0.029375
0 0.414844 0.472660 0.080687 0.139319
1 0.872145 0.562410 0.158039 0.247542
1 0.478125 0.155875 0.121266 0.176722
1 0.075777 0.281972 0.151555 0.236056
0 0.478398 0.614062 0.053984 0.108347
0 0.727223 0.177403 0.054820 0.102472
0 0.765160 0.221688 0.044742 0.075958
