0 0.793672 0.563993 0.049547 0.098042
0 0.823836 0.553931 0.057109 0.108694
0 0.841641 0.457187 0.037625 0.074042
0 0.796641 0.284250 0.015719 0.028667
0 0.812766 0.257375 0.031844 0.060917
1 0.430141 0.120042 0.095437 0.168944
1 0.069762 0.458937 0.139523 0.231097
1 0.871879 0.057160 0.124430 0.114319
1 0.869465 0.723882 0.105102 0.176819
0 0.067152 0.095500 0.029398 0.047278
0 0.108414 0.112014 0.026594 0.041806
0 0.054250 0.134410 0.026312 0.039819
0 0.023875 0.124458 0.032750 0.046778
0 0.076340 0.295076 0.063305 0.117653
0 0.137445 0.565042 0.055422 0.109278
0 0.790180 0.722347 0.037328 0.070083
