0 0.468039 0.936250 0.100672 0.121444
0 0.068109 0.409118 0.049125 0.070208
0 0.141527 0.263694 0.052711 0.092222
0 0.170934 0.080764 0.015258 0.028111
0 0.423684 0.632194 0.057414 0.054083
0 0.438145 0.540118 0.020523 0.031569
0 0.490160 0.570194 0.062414 0.054278
0 0.478922 0.402521 0.021641 0.039458
0 0.844285 0.339049 0.015258 0.026708
0 0.900523 0.077819 0.019000 0.035444
0 0.809953 0.136611 0.069906 0.052667
0 0.775336 0.076542 0.027297 0.048528
0 0.871379 0.119424 0.010883 0.020069
0 0.863699 0.145563 0.018180 0.030847
0 0.900398 0.157764 0.023781 0.039417
0 0.868758 0.206139 0.020156 0.038694
0 0.905039 0.239104 0.029828 0.044431
0 0.881051 0.255229 0.029430 0.048014
0 0.880043 0.308618 0.038695 0.060208
0 0.886691 0.399986 0.039102 0.066639
0 0.809297 0.419333 0.030234 0.053750
0 0.792570 0.502465 0.039500 0.083847
0 0.785516 0.597062 0.031844 0.052319
0 0.816516 0.656111 0.054422 0.106778
0 0.753812 0.918042 0.078844 0.142750
0 0.771973 0.775153 0.031352 0.052250
0 0.778414 0.734097 0.022391 0.033833
0 0.773098 0.702250 0.014555 0.028861
0 0.785832 0.691299 0.024352 0.041792
0 0.868836 0.770674 0.043672 0.076153
0 0.823398 0.719312 0.061031 0.109486
1 0.853238 0.060882 0.110180 0.121764
1 0.065219 0.269000 0.130438 0.253583
0 0.213656 0.915438 0.044109 0.059681
0 0.143500 0.639757 0.033156 0.053264
