0 0.145520 0.035549 0.078742 0.071097
0 0.089891 0.142049 0.106266 0.099431
1 0.114613 0.880833 0.183695 0.238333
1 0.908902 0.117465 0.174539 0.218542
0 0.241379 0.696438 0.021383 0.040069
0 0.194660 0.679306 0.023508 0.032528
0 0.233496 0.779472 0.018602 0.039722
0 0.218324 0.806424 0.018461 0.034014
0 0.208223 0.782875 0.012711 0.036389
0 0.269484 0.755479 0.014844 0.038292
1 0.485035 0.201701 0.153773 0.319153
0 0.242594 0.877417 0.019422 0.050306
0 0.283512 0.936104 0.024133 0.045375
0 0.312340 0.967000 0.021273 0.039444
0 0.534672 0.021257 0.062609 0.042514
0 0.498066 0.024688 0.034102 0.046625
0 0.816844 0.087007 0.032750 0.054792
0 0.832449 0.121792 0.032367 0.041500
0 0.440023 0.633104 0.016953 0.040069
0 0.784621 0.942340 0.108195 0.108514
0 0.873434 0.869708 0.123836 0.167611
0 0.872723 0.490382 0.024477 0.050431
0 0.800277 0.138896 0.040461 0.056514
0 0.855824 0.286972 0.126227 0.160778
0 0.825113 0.404347 0.030523 0.040444
0 0.830645 0.021361 0.030273 0.042722
1 0.120699 0.330854 0.187180 0.320403
0 0.220383 0.605674 0.022156 0.042819
0 0.123086 0.477049 0.037953 0.048292
0 0.154246 0.612687 0.108258 0.132097
