0 0.116008 0.763243 0.035516 0.067569
0 0.485824 0.944972 0.022633 0.026361
0 0.802937 0.879181 0.066844 0.158917
0 0.880691 0.679139 0.025242 0.048639
0 0.779934 0.553097 0.032555 0.063028
0 0.742742 0.466903 0.075563 0.117778
0 0.779027 0.495611 0.053602 0.110083
0 0.444973 0.122347 0.015789 0.029500
0 0.220441 0.072021 0.016320 0.028542
0 0.294816 0.091271 0.020570 0.041097
0 0.265109 0.052222 0.023125 0.037000
0 0.477148 0.807826 0.029687 0.052764
0 0.435906 0.760035 0.093000 0.139764
0 0.183766 0.910826 0.023969 0.043319
0 0.148742 0.762500 0.016641 0.038472
0 0.042551 0.654167 0.046742 0.099417
0 0.183238 0.445653 0.131164 0.185833
0 0.095684 0.372847 0.130492 0.121806
0 0.111496 0.298000 0.065586 0.075167
0 0.154941 0.222535 0.026633 0.041431
0 0.193555 0.121042 0.018641 0.042028
0 0.103172 0.140278 0.055594 0.079306
1 0.091066 0.545479 0.156977 0.247903
1 0.106012 0.059722 0.156148 0.119444
1 0.496863 0.427868 0.117992 0.183986
1 0.496984 0.889972 0.062422 0.116694
1 0.882164 0.861333 0.146609 0.251278
1 0.877590 0.282917 0.138586 0.188639
