1 0.117539 0.569528 0.117734 0.172194
0 0.804145 0.581340 0.053680 0.113097
0 0.840922 0.538938 0.031813 0.098958
0 0.893109 0.384215 0.090453 0.185736
0 0.770348 0.257069 0.161039 0.440028
0 0.794699 0.766903 0.183898 0.328694
0 0.414484 0.637896 0.059641 0.081292
0 0.133668 0.778389 0.154070 0.157278
0 0.160508 0.940882 0.132203 0.118236
0 0.051164 0.898556 0.098406 0.097194
0 0.085953 0.273854 0.126250 0.265069
0 0.466172 0.122764 0.057656 0.114861
0 0.530289 0.610500 0.038766 0.054778
0 0.471637 0.621111 0.026836 0.068917
0 0.470148 0.705931 0.051687 0.061861
1 0.910539 0.805500 0.114766 0.182556
1 0.876914 0.198493 0.140938 0.230875
1 0.465598 0.312813 0.112492 0.248431
1 0.082648 0.089597 0.165297 0.179194
1 0.484941 0.824111 0.096023 0.182583
